51 4875
1565 2360
5870 398
4792 561
575 101
6500 154
8162 34
27975 85
56 867
17202 16
46 523
34382 7
39641 105
2767 220
2751 1059
9834 696
45 1132
347 1388
10227 754
49 1002
4503 123
8005 1562
25 6104
642 334
2548 278
31128 14
12 4635
39 538
15285 581
362 339
1222 472
604 398
11 3678
449 1517
1847 1605
52 1210
33 1156
6981 331
1503 710
18871 111
40 1085
8355 305
2390 1836
23 924
1558 544
1120 1139
32337 36
20185 113
12096 288
1581 1115
3698 1420
2998 207
30460 95
2534 53
1507 662
9677 66
55 2881
9415 2
27630 15
4146 243
10503 13
31 408
46846 5
13 17808
9858 322
5603 1880
3268 1706
29516 1138
8476 1770
1268 1797
350 446
7156 179
3824 149
940 1163
22996 14
2996 222
35 1199
6158 678
1315 181
14 3320
486 768
23344 6
1367 151
2713 422
1433 493
3001 415
34 2648
11211 1621
38311 475
39058 3
20625 28
50 3186
1546 758
46740 12
1058 3074
47200 5
39888 112
5390 259
3336 282
18468 13
10206 296
19604 44
18276 71
30936 2
2885 265
7707 36
7597 95
30910 310
40165 244
48 668
9936 854
4805 546
28270 1355
10535 147
16243 12
16 3019
24943 16
405 4935
16808 278
42 1089
20754 50
37630 6
6006 507
509 665
22332 6
352 510
27510 2695
7788 126
5097 442
7206 32
31802 1335
2488 704
21 1349
48529 102
15 3552
28332 394
9306 413
15919 576
53 399
22312 35
48731 63
24376 28
3559 206
2969 245
41283 7
42714 176
830 512
11230 360
3727 443
48671 348
15986 426
5626 320
30826 316
4261 872
4535 289
19146 422
4526 249
42296 198
5631 259
2466 38
4221 660
15154 622
7013 704
37795 264
9440 485
36 1176
36218 471
8267 74
22515 7
3132 210
2999 387
2857 197
1415 484
3122 162
35662 2
16309 21
309 403
17279 48
47 923
22914 35
9693 74
807 190
36247 400
7283 182
3620 800
13954 104
17031 13
18973 114
3539 499
9273 91
1168 201
26808 160
367 326
10080 10
50229 13
3070 521
26276 16
2816 428
3270 143
19878 330
31180 193
860 142
20 993
31597 63
32 1411
23715 116
17184 116
21734 93
5441 8
1731 290
513 370
44750 5
38 3034
2257 2523
12877 328
7410 27
3104 256
4089 131
48913 82
6489 521
28343 71
21664 352
7730 15
8643 191
36924 4
8881 51
1137 915
357 2032
44 1239
8 3913
2200 363
5222 230
4061 442
2 251
9429 159
6469 63
25600 27
29086 120
2931 227
7908 466
1294 258
34694 158
2919 236
2624 207
2043 764
7 2328
29138 2515
4303 93
3134 195
5999 109
18 1214
12562 1501
327 508
2149 280
20176 7
1959 280
4051 287
1270 668
1795 740
16562 5
30516 8
17 1944
1 141
3563 174
17852 4
3913 116
1899 758
19 1078
12038 82
25424 12
54 504
24639 6
23848 18
39837 6
4944 469
1677 579
371 449
2682 213
4846 110
2091 353
2079 212
13380 5
3843 138
48996 10
39758 4
13219 9
5662 73
4521 99
370 254
11860 100
43 738
402 277
5824 104
2078 312
1821 789
1511 116
10188 31
6089 364
532 531
47606 20
14313 4
2394 459
1195 218
2231 271
42224 39
6369 469
39149 178
1961 766
28932 144
26288 320
3388 193
43690 3
1238 1137
3398 1299
27746 856
35683 656
13153 750
4 1453
47731 22
45806 81
42176 7
24192 4
41 791
18056 8
23333 1
46962 44
24352 51
7643 483
21599 9
39251 2
8220 185
3571 584
15711 22
50154 1
19255 73
24401 119
30631 10
311 1354
1404 374
26147 10
6239 99
35329 19
4522 514
1065 824
15982 34
2623 259
31102 52
29903 1
37997 62
6965 29
11207 273
18741 15
22 727
4339 48
19499 40
2606 47
837 115
12394 150
13368 110
20739 7
569 197
3829 824
29820 420
19387 16
28 56
5237 151
47783 125
718 962
19108 4
20343 1
32043 67
31515 29
16402 182
4694 124
38444 172
7473 351
376 138
19782 28
30373 22
15567 1251
8579 38
15731 69
35273 21
21389 6
11319 77
22466 15
14165 172
7054 23
15173 47
5923 26
24290 17
3963 559
337 542
8610 43
1340 405
44071 35
6 382
2538 331
18697 22
2320 93
29506 60
15037 105
471 164
11571 40
6723 142
2481 306
2670 263
7029 58
33580 33
2791 179
2414 177
1921 607
33112 187
24311 22
20198 18
43833 23
14114 46
1478 87
1129 417
18005 119
3682 183
12532 73
1303 327
31553 83
1248 336
1596 88
6226 79
35755 3
31235 19
7375 90
7336 270
48167 35
10863 45
10761 115
9447 10
7036 120
7102 127
12425 26
10619 88
1495 372
1157 646
21982 8
11179 34
16592 106
18630 24
31098 22
0 208
29817 23
13505 40
9655 15
8068 3
41841 48
26708 206
41925 3
35613 4
17615 23
16034 32
6684 39
28180 3
24805 18
10468 40
12203 28
42589 6
5357 172
7759 292
2662 244
47453 33
44607 12
24027 56
1983 249
2075 320
3980 197
406 433
16868 54
6101 13
37421 74
1542 67
41596 7
25087 68
2598 191
6200 162
22205 10
2425 180
1828 329
48920 12
4761 244
31827 221
23337 393
2579 75
2920 206
29626 4
44558 4
16820 188
5760 6
37692 4
12789 6
46660 4
1954 432
9795 317
4217 39
10526 292
42475 417
5984 468
25008 399
10979 402
4537 291
360 502
8924 107
4531 124
3901 136
16437 222
11159 273
9419 123
18420 27
22846 9
49791 2
34482 10
7946 68
3553 139
34427 56
7708 202
30924 14
15363 16
33698 10
25270 19
34899 83
3535 86
19313 6
12161 12
41237 6
412 130
1314 518
12672 10
31949 13
11290 27
16289 18
28882 27
2388 153
17534 293
2389 214
2327 356
317 267
25273 26
13775 27
15529 16
12964 41
10917 119
4663 85
5673 153
24 753
45947 1
46377 10
48842 1
33942 3
6420 71
1395 700
1802 61
4869 67
43749 1
3705 76
27641 14
399 98
45216 16
4310 168
3865 137
5539 399
838 250
17887 7
14686 49
3365 173
8779 86
4760 137
767 269
5188 107
40384 5
47379 23
3324 145
28362 6
22842 25
3312 275
32148 8
5145 46
22224 12
10554 31
24644 106
18060 14
5446 108
19664 160
29273 11
31574 59
15039 52
17926 37
37048 14
32921 5
8054 41
31010 17
24706 22
24550 159
6234 173
22228 7
21601 43
44892 7
5959 63
1160 130
33303 5
5867 16
20608 22
16279 9
5534 133
4349 270
48743 25
1105 222
12365 11
7579 51
8120 46
9947 24
9 519
4153 13
4725 33
220 21
47505 11
4101 13
48531 2
3439 18
49707 14
14418 28
20708 4
47123 3
1467 84
3720 88
22904 9
3861 103
39135 1
35009 80
27389 33
28521 47
8264 84
3695 304
48751 36
8702 38
15859 20
10771 11
12762 17
4764 19
16817 35
7265 20
6298 13
3459 188
28687 6
29558 9
57 439
2640 81
25870 14
7227 98
22186 61
2718 326
33278 36
4090 139
25173 41
48253 77
1485 788
28480 56
29159 58
32883 47
23148 5
15377 58
33660 6
5868 85
4790 65
43429 2
11335 23
49269 5
9328 95
17657 15
26761 3
440 47
7655 10
6052 59
36231 3
17400 2
25171 13
27203 11
8035 60
19213 6
9370 22
16494 13
22172 11
2167 193
796 203
14198 41
5333 82
35238 96
39421 43
36042 6
23683 3
42358 19
44879 2
44680 2
38757 4
28082 19
11879 115
25836 25
36879 1
36058 10
36871 35
13246 65
30273 11
39188 4
22370 16
40035 2
3525 111
20460 48
14175 29
16768 10
12115 162
29266 25
39174 1
44925 95
5777 67
3185 269
7112 265
13931 6
18294 23
4304 99
38022 43
6465 92
1174 77
43559 11
3180 125
19644 287
41531 5
44617 13
31404 68
5781 274
10531 2
14887 31
50084 14
32128 7
18805 40
38148 96
1220 267
11473 30
10234 5
18694 99
7998 40
15571 5
5774 137
1635 103
32023 1
7816 39
5883 154
11380 24
33635 55
29369 2
1797 152
24565 24
44578 2
29807 11
9031 32
19535 38
22196 69
21054 1
6242 110
43664 6
15543 76
8322 33
1987 64
34892 17
18429 228
58 26
60 62
3510 188
12884 146
4720 14
39633 65
18781 20
7192 17
41649 34
28977 20
9661 19
40271 12
20107 13
17430 8
2681 51
11895 99
45721 36
32421 15
49747 2
939 9
32417 27
19420 8
4524 111
41948 10
30803 13
4059 48
6173 61
7982 12
39453 223
16580 12
20789 7
24413 27
11617 49
33930 10
9348 122
29749 33
49254 20
737 4
27033 5
38073 7
26598 9
31380 4
2780 203
2154 585
10232 31
14990 21
4317 22
16799 14
24137 19
2808 38
17368 35
314 207
2937 96
29119 8
5323 34
37 392
5 198
33456 15
43300 10
19214 11
45839 4
9977 156
24218 1
23060 137
47407 2
34808 1
38715 89
7902 78
8298 233
31688 119
5892 137
13348 26
2943 31
2026 50
20474 16
7836 146
13252 43
11746 4
25829 2
34809 1
27559 2
23304 29
30314 3
2849 49
10373 4
8784 120
36817 7
43679 2
5653 30
14545 4
21211 4
24187 45
35638 2
13464 24
7801 129
16601 79
23255 77
29912 75
2864 85
12298 175
27550 77
6375 120
15259 64
24591 17
3023 284
11948 56
1343 159
3 360
720 156
16763 108
37466 72
5705 176
31271 84
44765 127
6177 206
46587 129
49836 94
12952 20
39710 17
29088 25
29020 9
9297 54
18494 279
8753 77
32220 14
47726 5
27412 8
31654 11
18298 12
21526 6
18851 28
28378 15
8763 18
6217 38
14670 20
17759 1
36959 11
20892 27
45484 9
4407 148
36905 5
25603 42
27993 33
10729 3
18672 19
14242 104
42060 15
21536 44
27367 15
12825 67
21626 11
11245 28
21315 16
30386 21
43016 22
24839 6
40734 10
10067 12
10 49
18897 11
27755 34
49360 91
25998 23
11357 23
21224 4
24301 11
11053 16
8845 35
4462 11
12709 42
33676 8
42126 36
32459 7
20809 12
34509 5
6135 6
8870 28
9148 40
12805 17
19269 7
30733 15
41796 12
12887 14
3069 75
8634 39
10913 23
15107 39
11262 56
42355 7
8577 32
11401 10
25667 3
18562 24
3955 228
39726 5
50035 23
40508 2
3228 12
17947 89
20034 14
8410 9
26173 11
13315 226
23428 18
25000 15
11651 44
44441 4
11096 84
28069 24
17941 95
11731 8
44849 1
25425 6
29722 15
5161 69
11251 5
24970 5
33746 57
48891 7
31600 54
27371 11
35642 85
10426 17
19922 36
43364 3
27310 4
28011 19
41876 16
20304 18
5805 60
7257 29
3528 55
17961 140
657 509
23924 9
35990 4
19385 76
23518 50
16942 3
38339 1
37815 1
44899 1
39201 55
39743 1
46162 6
16938 17
18444 42
13563 12
22778 16
34874 6
31503 4
25620 186
20476 196
930 5
30743 6
34626 31
1264 55
26895 13
33340 25
12861 7
27130 5
23261 27
47521 2
37688 2
44011 99
48399 12
45586 1
7337 12
16945 10
10116 72
15187 19
3537 27
3064 281
3483 85
10970 98
26720 37
43901 64
21495 11
39225 1
18227 10
34583 7
32583 9
46685 5
8782 113
17306 11
47035 8
25644 3
49934 1
9878 27
16744 101
10560 19
17248 17
20530 7
13037 12
24369 5
24994 4
9863 45
11623 9
6659 92
26094 2
43504 4
19442 28
15972 34
15197 39
39254 5
26279 11
25508 2
46678 5
40248 1
34444 6
26582 5
15548 23
40492 10
48481 9
11024 10
22291 13
10725 24
12865 11
4309 136
49351 1
37347 2
49259 2
8905 47
9598 25
29326 28
27824 6
3486 17
19004 15
24181 4
14719 45
44214 9
5332 145
10943 5
20907 3
7930 4
10305 20
678 107
27037 26
44966 12
8740 37
22800 3
27415 3
37232 87
16879 11
39274 4
1679 63
4579 9
30649 26
46586 15
30350 1
959 1
13169 1
22083 12
38348 4
18422 40
7852 26
40834 3
12473 56
20940 7
17051 6
33202 2
42472 4
5105 15
13793 1
9796 2
42336 4
11442 29
23678 23
2242 155
11509 2
29524 4
12509 27
19924 12
43284 4
29833 9
3838 12
32196 1
28952 74
11528 2
35667 6
25703 20
3261 79
27799 9
13599 72
48632 4
12564 28
4851 7
20997 5
29673 20
26 7
35744 13
38846 26
18523 18
39878 2
25823 168
6998 147
27649 1
33088 19
15837 3
685 37
4810 80
4093 11
27841 8
36775 5
6374 51
37586 26
21414 31
33146 6
2177 17
27285 28
24115 7
45589 1
33269 33
7340 47
31020 8
48528 10
31672 1
14656 19
10705 101
24676 51
29991 11
5607 135
29769 7
10008 58
41292 3
9864 14
33907 4
2599 365
9050 73
22913 15
5214 18
17254 23
2608 41
33394 52
23199 24
25216 33
37867 19
8644 17
2246 59
39925 6
26780 15
47372 9
21395 59
10246 14
43434 3
6535 21
4747 30
4064 39
49828 9
21090 192
17191 31
32552 5
8147 55
36222 4
33459 3
26087 12
34020 13
39111 4
5433 7
30051 8
42117 84
21139 12
5066 84
25838 8
36330 3
22657 2
41983 1
33365 3
28778 6
5550 12
31027 2
27712 5
19310 16
35978 7
27877 10
24096 9
5304 29
7769 52
43798 14
23756 12
4751 6
366 9
8628 32
19244 8
11909 23
47785 5
29416 8
46437 27
24318 7
37195 6
36048 23
10111 10
17579 26
41706 8
21844 101
25399 3
49051 4
17682 19
14356 61
34563 3
25261 9
37719 6
41359 14
32297 13
11015 433
28290 14
44513 12
5769 8
11741 14
1946 12
42691 1
35257 27
47269 65
5996 44
29068 31
27857 26
8576 14
29143 3
35222 7
17643 29
36189 2
5064 27
36050 38
33638 3
46957 3
22572 18
8275 5
29009 65
8959 3
48192 5
29551 1
36243 5
15629 2
24723 2
49143 17
12809 28
9792 20
23358 16
15789 8
33079 23
42827 5
43638 13
43870 1
34359 2
30368 5
40215 2
25779 6
26660 23
8895 48
22579 12
7632 6
8363 2
49837 7
15923 4
40410 17
44533 6
18564 3
22470 4
32357 5
13558 13
11050 113
38678 110
49144 3
12680 139
23680 8
44521 24
5258 18
30339 17
42881 2
49094 4
22814 4
28840 2
29462 3
10892 5
23749 14
1539 3
22243 12
26492 19
22047 10
35844 10
38314 10
43794 8
20964 4
29296 9
13534 8
26200 13
6337 5
44994 10
23349 4
28041 13
31963 17
30301 13
28498 1
36035 4
45463 11
27564 4
17544 5
31911 7
22318 4
40090 1
13918 3
40331 27
28994 13
26704 5
31064 1
36771 10
22328 5
48926 2
13752 14
42982 2
17059 10
24202 2
49287 2
14454 62
26481 33
40468 39
27988 36
15426 49
27734 44
26746 5
11587 9
34677 4
44318 1
49466 3
11177 40
26946 13
4877 34
17931 8
45880 18
27977 23
25429 10
62 17
17477 10
40828 4
35126 14
22883 6
22921 9
20219 94
26465 1
12529 14
21479 15
29089 10
18938 25
29360 4
32298 7
34279 4
40115 7
18376 20
13343 8
20806 1
28263 4
31800 10
48170 8
16724 21
26253 20
25697 15
37596 7
12682 3
30194 2
30272 3
41813 5
9994 5
40401 4
33042 6
29244 16
33881 9
46323 6
20151 9
25922 3
2319 24
48645 2
18458 9
28694 7
38827 2
18070 1
4353 14
25630 8
25108 14
21738 31
11785 19
24793 4
25240 4
28555 12
40385 2
40403 4
33782 14
45811 11
5572 3
13024 6
47551 5
32320 1
19814 4
16329 16
44093 14
33916 2
25191 19
16412 18
29767 1
14181 3
46302 1
11698 42
49684 5
45006 7
30229 29
46805 11
11682 101
20092 23
39885 4
22730 7
35175 8
35780 11
41458 144
34958 7
38044 2
19266 30
29950 4
37780 9
43387 5
24131 10
46712 6
32135 9
36033 3
47902 5
31115 4
28676 4
33212 1
22544 15
16219 15
37750 2
11645 4
2310 60
37498 3
49302 3
45570 7
18638 50
11190 60
38730 56
33781 8
47134 5
39357 2
15349 1
28645 9
27353 10
38956 2
42199 1
6951 2
38391 1
25123 17
39960 5
27064 7
30206 61
49277 15
37846 7
30525 8
6640 6
29125 42
20373 12
47550 3
8141 24
19767 2
35402 7
45326 2
30484 30
34645 1
28978 6
24409 14
5639 15
44032 3
46559 1
33646 5
9508 3
45418 2
31418 9
9865 18
19238 10
33300 6
15112 23
3697 20
34812 19
8697 4
41320 2
34125 6
27260 8
28567 5
32066 3
27277 4
31328 4
9130 34
18742 23
15922 11
27057 5
27192 3
46224 4
40086 9
14058 5
35480 3
22148 12
8190 3
34287 6
28481 1
16400 10
13070 15
19104 15
47526 23
764 80
44183 3
6080 85
36720 3
28933 4
20370 12
16102 19
25633 82
44808 5
28893 9
28163 12
41597 10
35916 1
23799 1
44710 27
24302 4
20943 32
30120 4
22737 1
35028 1
30695 5
12418 20
38989 13
8093 3
23045 9
29 11
48091 81
19240 26
31834 13
4974 8
41335 8
42674 2
32971 51
19683 7
45814 72
43311 10
25112 2
27143 25
45987 2
31054 73
41957 6
18601 68
18379 69
17242 4
17426 10
28072 5
16315 82
4177 15
13122 15
40405 2
23664 2
31766 2
19708 55
23055 10
8202 165
40486 26
38147 21
43704 34
48213 22
46951 6
42968 14
33808 1
22995 4
27790 6
1279 4
8487 45
29904 25
38219 11
22985 11
27970 7
25710 11
14877 15
36680 4
30290 6
25674 5
41172 4
23195 10
20233 19
13381 12
37601 6
38502 17
33604 22
23539 8
22219 33
50165 2
36809 4
20866 8
25734 4
44069 19
36260 11
35809 7
35124 1
31046 35
20483 24
16284 17
19549 359
31916 4
27800 17
26514 4
44361 4
828 3
17572 8
17032 21
33489 7
8392 4
15308 24
24890 4
41016 12
17151 3
17189 5
33319 7
31938 4
48635 10
15628 10
33548 5
20959 3
27526 6
40717 6
1378 10
42534 6
19348 34
29022 4
33866 13
21777 7
28560 2
37864 23
32321 6
15675 14
44218 6
30505 5
23237 7
36252 7
25096 8
22567 8
33310 7
30818 6
23641 1
34044 1
40569 8
8808 17
36445 12
36821 10
20986 37
33551 3
49489 2
45214 4
29809 91
26009 1
21082 5
16356 15
11929 11
28159 19
20068 7
5837 2
35038 4
45028 4
23264 6
41526 9
35090 2
46572 5
36981 5
23929 12
18878 22
50049 5
38205 11
29132 3
29150 6
14956 7
43145 11
24356 1
25621 11
10163 9
49150 2
6645 6
28688 19
48290 11
580 27
25861 6
28748 76
30148 6
40818 15
39371 12
9399 35
24418 3
28075 1
50138 1
34770 4
11342 3
6561 12
26112 8
26442 16
28644 22
34577 8
37397 2
40295 6
44941 31
29059 2
38326 13
33206 5
38312 5
19534 1
29701 6
36160 5
45039 38
46250 41
38819 1
5946 9
7397 20
4570 13
19880 7
7125 7
15801 26
35447 9
9193 7
29228 7
42980 1
10261 2
3373 2
20666 15
46438 6
7618 5
12195 6
38267 1
16276 5
5014 6
37620 4
30502 3
31742 10
26631 2
20064 3
10744 7
17228 6
24694 3
45758 1
45385 3
12599 10
32114 4
48868 1
38525 1
27358 3
7061 1
21261 12
20913 8
42707 9
21881 1
28934 5
14514 1
41257 6
9804 1
24403 20
10659 8
35549 3
11782 9
14826 3
28727 2
3482 1
27327 1
21358 98
30557 5
30995 4
23815 84
31552 2
45722 19
30158 83
28957 163
38158 1
17464 14
33747 1
20444 16
42830 1
50148 2
27015 7
39506 1
3933 7
30610 5
20356 17
48075 19
25964 4
32782 22
17395 9
39118 7
15821 11
45346 4
44180 9
22033 2
28223 1
48771 2
19707 12
26427 5
24909 4
21515 3
21652 6
90 3
92 3
38019 8
16779 7
12011 2
15513 3
23051 1
14766 7
25154 11
11901 7
19504 13
22416 11
33805 2
49079 14
25664 5
20031 5
30524 1
23628 1
31212 2
15904 2
36088 13
36561 1
41374 4
37045 1
22808 2
46841 2
19505 5
16616 16
39101 14
28168 1
9564 7
31125 2
24278 1
33372 6
39103 7
24038 6
38926 8
32957 4
20571 5
15490 11
47101 3
24339 82
42802 1
32598 2
42710 1
38303 1
41752 3
36465 1
32235 5
48000 3
36326 12
33618 1
8450 1
34977 2
38850 3
44253 1
3126 10
10563 1
11598 7
36751 16
61 16
14315 1
1377 2
37994 4
29944 8
12261 8
5125 5
25150 13
20978 4
44958 2
24483 10
37286 9
30616 10
25707 3
41287 4
21895 6
35409 3
43602 9
10185 9
855 12
37804 9
25816 19
38056 8
24160 4
47164 57
48712 6
34159 7
48194 2
25061 6
49053 6
7441 2
43960 6
26073 5
1267 26
28495 82
30643 3
26050 9
26751 2
33015 2
26136 5
13374 4
14082 13
34107 4
8541 12
48603 1
48263 3
11546 8
32576 89
7499 8
37841 5
35890 9
46025 83
45791 4
39132 3
3693 3
24991 6
42489 1
29428 1
14661 4
12576 7
45510 3
33400 4
40251 1
13649 1
21273 7
21940 7
34716 3
36993 4
41289 16
11346 8
38508 3
47691 1
4019 13
25552 2
43277 2
31429 8
27019 11
6599 1
33759 1
38331 10
5432 16
18310 6
45710 6
42815 6
30336 6
23852 7
26830 9
14724 2
40249 11
33289 12
705 8
36840 4
49285 4
35296 4
47106 4
34155 80
26717 4
31559 3
20802 2
20114 3
36992 3
41922 1
10351 5
41019 1
23726 3
45719 1
26483 6
44980 7
27137 6
24136 16
23188 17
27889 6
28256 15
11584 5
42129 10
9338 2
8646 6
9225 77
10670 1
26115 3
32178 3
48052 6
39647 1
22707 13
48057 3
38380 3
11502 4
8699 20
36078 1
34135 4
32572 1
43509 1
42671 3
27228 2
15724 3
37292 3
14558 6
23516 4
46900 2
23988 3
25257 18
986 17
28820 5
22709 9
33586 6
32531 5
35195 6
8949 13
15958 6
49669 5
59 6
39852 1
35830 2
34782 4
9131 8
24693 4
26912 7
28857 6
44121 1
12460 3
10190 3
30023 18
22413 6
41809 8
40488 1
26861 5
45063 1
36629 3
41234 2
44947 9
13909 11
46461 7
14277 20
43918 1
2361 3
48246 1
43959 9
28884 1
21719 4
20546 4
9711 1
42715 5
41853 30
23721 6
49677 16
17370 5
16791 1
12429 56
9609 1
17501 3
6957 15
16448 9
47325 2
26429 18
38123 4
27211 3
16652 4
35625 2
31484 5
7210 5
45604 3
31858 2
18421 11
42197 1
8257 4
43610 2
34137 1
35133 4
41647 1
39494 3
49517 13
16458 79
41856 74
34551 13
37819 77
39134 78
41804 78
42437 80
30076 78
47666 78
19676 19
48397 7
31243 8
26007 9
50055 14
43147 12
36928 1
42422 4
38172 4
31495 8
20548 8
43700 3
21288 12
1584 8
30420 7
22337 16
46636 11
44084 3
35510 9
33470 1
11770 66
35153 5
25904 3
37869 4
32457 2
37988 7
45820 12
41734 2
29331 6
9907 2
32494 6
15871 7
13330 6
33535 2
48096 4
6581 8
28872 2
46016 24
37491 3
30195 8
44928 3
27368 4
28592 2
39267 3
42654 2
47342 5
22980 10
16696 7
35005 4
24984 5
42548 5
34741 1
12419 13
48964 3
36208 3
31751 5
23601 6
46432 2
19038 2
44186 2
26709 3
25347 3
37853 3
15495 4
16411 1
36820 2
15277 10
41580 1
33438 3
19710 2
31980 6
20299 3
48587 4
49800 3
43356 1
7863 5
21912 6
26607 2
19494 2
34426 5
17283 1
8575 15
13182 7
43927 1
28771 8
49349 6
31697 5
46366 7
12310 16
41544 2
46589 3
34507 3
39069 4
39380 7
21503 3
32147 2
17168 1
42622 2
37882 5
25290 3
16811 14
46815 3
45155 1
44938 1
29173 5
4916 2
37682 2
20752 1
46821 1
41060 2
38605 8
41717 3
7294 1
25994 9
7724 2
28277 2
41067 24
4008 4
48451 4
47461 10
34483 2
25882 7
31598 1
49352 4
32535 1
26706 1
32567 3
25269 2
19704 7
38569 3
30986 2
36584 7
32914 2
36592 14
22258 3
10053 6
24309 4
4907 8
27044 8
27326 3
23451 3
18831 6
25272 3
29211 9
9879 12
13454 1
6968 6
24006 1
25475 1
29006 2
6144 7
37667 3
22131 1
30863 6
30110 2
50242 1
11674 4
48724 2
43665 4
18293 8
50080 1
41583 5
47643 6
47941 1
23362 8
45331 3
29334 9
46429 4
16725 7
10635 8
42597 2
35897 4
24906 3
24598 17
21033 6
35374 5
42839 11
40761 5
44169 4
44428 5
49275 7
19884 1
17827 13
45448 3
13077 4
6885 4
35435 8
30057 6
22745 7
25374 23
43624 8
35378 9
5598 5
41569 1
38144 1
41736 1
37856 2
39237 1
48079 1
20582 2
33462 1
25997 1
24700 2
35353 2
43571 50
2321 30
47858 3
21965 49
34764 48
48933 53
8823 27
44565 8
33290 3
6711 1
1853 2
43637 3
27196 11
41931 1
12131 2
37379 6
23336 5
23057 1
35400 6
38867 13
25022 15
43765 12
35454 12
30465 12
37680 2
34251 2
31575 4
29796 3
31444 2
28844 6
41473 1
28988 2
46341 1
32819 3
37452 3
45878 2
4825 14
33991 6
27956 1
27696 3
16088 11
38431 6
23734 4
40022 2
31794 1
41119 8
31107 9
46476 1
9849 6
27728 4
45472 2
21728 9
37271 3
28896 8
46887 5
49713 2
35218 5
44821 3
41290 2
34215 2
25241 3
28387 1
15326 5
49068 11
24214 4
40906 1
33974 1
44103 6
43421 1
33032 3
19697 1
22495 1
38210 1
9697 4
44235 1
37760 1
42001 2
40149 3
24669 3
37376 1
32083 2
42947 1
32637 3
38775 1
24760 2
21713 2
47924 2
11417 1
44603 2
13539 2
43489 1
43134 2
15199 9
39226 5
18693 3
40714 3
19260 2
39215 3
4626 5
33934 7
13320 1
41779 1
31171 2
45113 1
2109 2
34617 1
1106 2
4181 1
49129 1
22781 1
25134 1
36657 2
42149 3
44310 2
44205 2
16045 2
36244 7
24940 2
17139 7
19409 1
22374 1
20445 1
47044 2
39031 3
43255 1
7388 1
15897 1
44675 1
44215 1
45455 2
33249 2
49423 1
34801 5
28729 2
22348 4
47915 1
37290 1
37022 1
26063 1
43333 3
6849 1
1600 1
1911 1
42751 1
34256 4
48104 3
21232 9
48200 2
30440 1
34913 2
12279 3
40469 8
43697 5
18237 1
39761 2
34294 2
38217 3
44085 4
22125 1
44468 1
17885 8
35219 6
39947 2
43526 1
10078 7
28104 1
7250 1
41874 3
38162 1
46455 2
46433 7
44816 1
32716 1
29931 4
16630 3
44227 1
39667 2
49211 8
46044 1
40220 1
8915 11
32961 2
22042 5
48802 2
46700 1
41173 2
40438 2
42955 1
6740 1
45191 4
41605 3
47138 3
32118 2
29564 4
19555 1
47672 1
32468 2
19510 2
6322 4
26793 1
31159 3
39677 1
46761 3
13803 1
49599 1
49597 9
30617 1
19416 2
13965 11
21431 3
49633 1
18395 2
31360 1
8874 4
43564 3
28182 1
38675 1
37181 2
21725 1
30 8
39537 3
37381 3
48777 1
28815 1
36147 1
28662 6
8854 4
39121 1
45969 4
34970 4
28551 3
37679 1
29060 2
48524 3
23906 5
3648 2
44700 5
34146 1
23917 6
47588 1
13889 2
29559 2
20958 3
29463 4
44580 1
15916 1
29703 5
27489 11
30501 4
27551 2
35592 2
38249 1
49561 6
27778 1
14280 1
16876 2
49541 3
30709 5
46352 4
39260 1
27222 2
23842 3
44230 3
37309 4
12726 4
18182 8
2014 2
29279 1
43184 1
40639 1
43234 1
41208 1
45233 3
36641 1
24045 1
26853 1
13349 1
24010 1
24555 1
30578 1
33411 1
22061 1
26525 2
17511 7
47053 1
40579 1
39882 1
40179 2
24212 1
43452 4
42018 3
30704 1
20634 8
23753 7
24938 4
34882 2
27204 1
37967 6
41722 1
37738 1
27 5
43243 5
42250 2
10652 2
14436 1
17342 1
43708 3
40691 4
2162 3
42246 2
6574 1
35288 1
22136 8
34825 7
36393 1
32835 1
20673 8
25527 3
17133 3
43279 1
24947 2
28196 2
49649 2
15365 3
42446 1
25948 3
9919 6
36449 1
438 1
26561 3
44106 1
44622 1
5846 2
36493 1
25848 1
20120 1
45881 2
38783 2
14053 3
47448 2
48296 4
25256 1
49742 4
45297 1
33416 2
41275 4
29397 1
37950 1
39776 5
31496 2
38604 1
29377 2
7792 2
44884 1
34278 1
13186 1
42716 1
21016 1
39170 41
20229 7
25325 1
17513 13
6579 6
35876 7
40373 7
29208 1
24121 7
23460 1
14340 7
3050 7
49880 7
42865 5
25540 1
19071 1
42780 2
45704 1
8859 1
48894 1
20032 1
7378 5
36625 1
42334 3
22764 6
34938 3
36210 3
21331 1
47396 1
40393 2
18946 3
17614 2
24148 6
15751 1
45790 3
25247 3
49979 1
4904 1
32751 1
45607 2
9166 1
37283 2
37128 1
8051 1
28658 1
22169 1
47582 2
49703 3
18671 1
6073 7
42977 2
28324 3
93 8
42752 1
38652 2
27147 7
37517 1
32568 5
48768 1
11537 1
45438 2
27082 3
42887 1
46068 3
23346 1
25793 1
41739 3
40675 2
39962 2
41254 1
50168 1
46239 1
40726 2
18802 1
23127 1
28947 1
10495 2
33981 4
30943 1
49896 1
31883 1
19928 2
32761 6
48877 1
23809 2
9428 1
25690 1
43977 3
47341 6
42243 3
8269 4
14529 5
23703 1
44613 2
36150 3
18000 2
23621 7
2873 2
38475 4
27178 2
43374 1
37187 5
39816 2
15136 4
4967 2
41322 2
33177 4
8696 4
33882 2
30005 4
42121 1
33863 1
48006 2
9782 3
30948 1
28262 1
14585 1
10333 2
40064 1
3978 2
15143 1
1594 1
24041 1
33767 2
48250 3
4880 1
22613 1
41517 6
10896 1
39386 5
34957 3
35354 2
12889 1
34229 3
25764 4
24525 4
17318 24
41048 4
28206 2
7600 1
37747 2
36255 2
11323 1
31925 1
24294 4
40256 1
43240 1
42256 1
39488 2
19340 2
45849 1
49361 1
43193 1
44934 1
40427 2
47072 1
2749 1
14255 1
12923 1
37801 2
46519 2
38547 1
36626 4
39449 1
48391 2
38340 3
41924 1
20479 1
41884 1
8898 3
32759 4
19342 1
27481 2
12863 3
37730 3
26653 1
30976 4
48475 1
49388 1
27720 1
31211 2
40173 2
27301 1
31440 1
46872 2
16477 1
42293 1
42006 5
1421 1
29335 1
1471 1
44175 2
47601 1
27795 1
32647 2
47621 1
32182 1
24563 1
16003 1
9129 1
33540 2
46888 1
14848 1
27713 2
9552 1
8684 1
37845 4
26118 1
49732 1
31631 1
12740 1
41281 1
45650 1
13987 2
37094 1
40353 2
12624 3
48697 14
14626 1
28369 1
35504 2
41636 1
39345 1
28669 1
37371 1
25361 1
16990 1
32318 1
40589 1
20702 1
31190 4
40795 1
13108 1
49721 1
30758 1
29694 1
26937 1
12597 1
32618 1
26539 1
28023 1
33363 3
43550 1
37902 1
46556 1
19571 1
44087 1
26956 1
22538 2
43717 1
43538 1
33076 1
15931 1
25401 1
20137 1
20679 1
27704 1
15766 2
31675 3
22117 2
91 1
45598 2
19048 2
34259 1
10149 1
45909 1
19446 1
44673 2
48630 3
20167 1
34720 1
33057 1
37710 2
19308 1
27936 1
33472 1
63 1
10029 1
40585 1
22182 1
20510 1
26236 1
9773 1
25307 1
11961 1
2644 1
37977 1
22666 1
25010 1
6999 1
6244 1
2813 3
33160 1
32988 1
5075 1
41513 1
30737 1
36676 3
48963 1
41132 1
19153 2
9832 1
16960 1
39084 1
21355 1
650 1
41354 1
33854 1
31502 1
33844 1
31033 1
11923 1
40873 1
41725 1
44586 1
44688 1
41041 1
28460 2
22319 2
41561 1
46096 1
16226 2
40652 2
14417 1
35208 2
47838 1
19035 1
36141 1
28598 2
29430 2
27881 1
27140 1
49542 1
49494 4
15172 4
3548 4
36753 1
32744 1
49641 1
48780 1
12713 4
20248 1
39509 2
34620 1
46405 12
31952 1
23666 1
6390 1
75 1
11012 1
32755 1
47512 1
44698 1
